[0m [0m [0m [0m [0m [0m [0m [0m [0m [0m [0m [0m [0m[38;2;85;91;99m▄[0m[38;2;85;91;99m▄[0m[38;2;85;91;99m▄[38;2;84;90;98m[48;2;85;91;99m▀[38;2;84;90;98m[48;2;85;91;99m▀[38;2;84;90;98m[48;2;85;91;99m▀[38;2;84;90;98m[48;2;85;91;99m▀[38;2;85;91;99m[48;2;85;91;99m▀[38;2;85;91;99m[48;2;85;91;99m▀[38;2;84;90;98m[48;2;85;91;99m▀[38;2;84;90;98m[48;2;85;91;99m▀[38;2;84;90;98m[48;2;85;91;99m▀[38;2;84;90;98m[48;2;85;91;99m▀[0m[38;2;85;91;99m▄[0m[38;2;85;91;99m▄[0m[38;2;85;91;99m▄[0m [0m [0m [0m [0m [0m [0m [0m [0m [0m [0m [0m [0m
[0m [0m [0m [0m [0m [0m [0m [0m [0m [0m[38;2;85;91;99m▄[38;2;84;90;98m[48;2;85;91;99m▀[38;2;85;91;99m[48;2;85;91;99m▀[38;2;85;91;99m[48;2;85;91;99m▀[38;2;85;91;99m[48;2;85;91;99m▀[38;2;85;91;99m[48;2;85;91;99m▀[38;2;85;91;99m[48;2;85;91;99m▀[38;2;85;91;99m[48;2;85;91;99m▀[38;2;85;91;99m[48;2;85;91;99m▀[38;2;85;91;99m[48;2;84;92;99m▀[38;2;85;91;99m[48;2;85;91;99m▀[38;2;85;91;99m[48;2;84;92;99m▀[38;2;85;91;99m[48;2;84;92;99m▀[38;2;85;91;99m[48;2;84;92;99m▀[38;2;85;91;99m[48;2;85;91;99m▀[38;2;85;91;99m[48;2;85;91;99m▀[38;2;85;91;99m[48;2;85;91;99m▀[38;2;85;91;99m[48;2;85;91;99m▀[38;2;85;91;99m[48;2;85;91;99m▀[38;2;85;91;99m[48;2;85;91;99m▀[38;2;84;90;98m[48;2;85;91;99m▀[0m[38;2;85;91;99m▄[0m [0m [0m [0m [0m [0m [0m [0m [0m [0m
[0m [0m [0m [0m [0m [0m [0m[38;2;84;90;98m▄[38;2;84;90;98m[48;2;85;91;99m▀[38;2;85;91;99m[48;2;85;91;99m▀[38;2;85;91;99m[48;2;85;91;99m▀[38;2;85;91;99m[48;2;85;91;99m▀[38;2;85;91;99m[48;2;85;91;99m▀[38;2;85;91;99m[48;2;84;92;99m▀[38;2;85;91;99m[48;2;85;90;99m▀[38;2;84;92;99m[48;2;101;79;96m▀[38;2;83;92;99m[48;2;133;59;92m▀[38;2;85;91;99m[48;2;164;39;88m▀[38;2;92;86;98m[48;2;186;25;85m▀[38;2;98;82;97m[48;2;198;15;83m▀[38;2;91;87;98m[48;2;159;40;87m▀[38;2;100;81;97m[48;2;173;33;87m▀[38;2;109;75;95m[48;2;207;12;82m▀[38;2;96;83;97m[48;2;194;20;84m▀[38;2;87;89;98m[48;2;172;34;87m▀[38;2;83;92;99m[48;2;142;53;91m▀[38;2;84;92;99m[48;2;106;77;96m▀[38;2;85;91;99m[48;2;86;90;99m▀[38;2;85;91;99m[48;2;83;92;99m▀[38;2;85;91;99m[48;2;85;91;99m▀[38;2;85;91;99m[48;2;85;91;99m▀[38;2;85;91;99m[48;2;85;91;99m▀[38;2;85;91;99m[48;2;85;91;99m▀[38;2;84;90;98m[48;2;85;91;99m▀[0m[38;2;83;89;97m▄[0m [0m [0m [0m [0m [0m [0m
[0m [0m [0m [0m [0m[38;2;84;90;98m▄[38;2;84;90;98m[48;2;85;91;99m▀[38;2;85;91;99m[48;2;85;91;99m▀[38;2;85;91;99m[48;2;85;91;99m▀[38;2;85;91;99m[48;2;85;91;99m▀[38;2;85;91;99m[48;2;84;92;99m▀[38;2;85;91;99m[48;2;89;88;98m▀[38;2;84;91;99m[48;2;142;54;91m▀[38;2;109;75;95m[48;2;200;17;84m▀[38;2;159;42;89m[48;2;217;6;82m▀[38;2;197;18;84m[48;2;216;4;80m▀[38;2;214;7;81m[48;2;217;24;93m▀[38;2;217;3;80m[48;2;226;96;142m▀[38;2;218;17;88m[48;2;240;182;203m▀[38;2;222;43;106m[48;2;250;227;235m▀[38;2;185;59;106m[48;2;237;220;227m▀[38;2;188;31;89m[48;2;232;183;201m▀[38;2;218;14;87m[48;2;242;185;205m▀[38;2;217;12;85m[48;2;240;175;199m▀[38;2;217;3;80m[48;2;229;112;154m▀[38;2;215;4;80m[48;2;219;44;107m▀[38;2;201;14;83m[48;2;217;26;94m▀[38;2;163;39;88m[48;2;217;5;81m▀[38;2;112;72;95m[48;2;204;13;83m▀[38;2;85;90;99m[48;2;150;49;90m▀[38;2;84;91;99m[48;2;91;87;98m▀[38;2;85;91;99m[48;2;84;92;99m▀[38;2;85;91;99m[48;2;85;91;99m▀[38;2;85;91;99m[48;2;85;91;99m▀[38;2;85;91;99m[48;2;85;91;99m▀[38;2;83;88;96m[48;2;85;91;99m▀[0m[38;2;81;87;95m▄[0m [0m [0m [0m [0m
[0m [0m [0m [0m[38;2;85;91;99m▄[38;2;85;91;99m[48;2;85;91;99m▀[38;2;85;91;99m[48;2;85;91;99m▀[38;2;85;91;99m[48;2;85;91;99m▀[38;2;85;91;99m[48;2;84;92;99m▀[38;2;84;92;99m[48;2;103;79;96m▀[38;2;91;86;98m[48;2;126;63;93m▀[38;2;159;42;88m[48;2;184;26;85m▀[38;2;213;8;82m[48;2;217;5;81m▀[38;2;216;6;81m[48;2;216;15;87m▀[38;2;215;11;84m[48;2;230;126;164m▀[38;2;223;75;128m[48;2;250;237;242m▀[38;2;241;189;207m[48;2;255;255;255m▀[38;2;252;248;250m[48;2;254;255;255m▀[38;2;255;255;255m[48;2;250;236;242m▀[38;2;255;255;255m[48;2;238;159;188m▀[38;2;255;255;255m[48;2;207;125;156m▀[38;2;255;255;255m[48;2;208;109;146m▀[38;2;255;255;255m[48;2;229;101;146m▀[38;2;255;255;255m[48;2;232;129;165m▀[38;2;254;255;255m[48;2;241;184;204m▀[38;2;248;227;235m[48;2;251;242;245m▀[38;2;243;200;216m[48;2;254;255;255m▀[38;2;227;106;149m[48;2;252;251;252m▀[38;2;218;23;92m[48;2;238;172;196m▀[38;2;213;6;81m[48;2;218;34;100m▀[38;2;168;36;87m[48;2;186;23;84m▀[38;2;94;85;98m[48;2;124;64;93m▀[38;2;84;92;99m[48;2;96;83;97m▀[38;2;85;91;99m[48;2;84;92;99m▀[38;2;85;91;99m[48;2;85;91;99m▀[38;2;85;91;99m[48;2;85;91;99m▀[38;2;84;90;98m[48;2;85;91;99m▀[0m[38;2;83;89;96m▄[0m [0m [0m [0m
[0m [0m [38;2;83;89;97m[48;2;85;91;98m▀[38;2;85;91;99m[48;2;85;91;99m▀[38;2;85;91;99m[48;2;85;91;99m▀[38;2;85;91;99m[48;2;85;91;99m▀[38;2;84;91;99m[48;2;85;90;99m▀[38;2;93;85;97m[48;2;150;48;90m▀[38;2;175;32;87m[48;2;214;7;82m▀[38;2;200;16;84m[48;2;216;6;82m▀[38;2;144;50;89m[48;2;200;13;81m▀[38;2;185;28;87m[48;2;179;98;130m▀[38;2;230;127;165m[48;2;246;239;243m▀[38;2;251;248;250m[48;2;255;255;255m▀[38;2;254;255;255m[48;2;244;206;221m▀[38;2;249;232;239m[48;2;225;91;139m▀[38;2;235;158;186m[48;2;214;9;82m▀[38;2;223;76;129m[48;2;215;4;80m▀[38;2;217;10;84m[48;2;217;5;82m▀[38;2;178;26;83m[48;2;179;29;86m▀[38;2;184;22;83m[48;2;185;26;85m▀[38;2;216;2;79m[48;2;217;6;82m▀[38;2;214;5;80m[48;2;215;7;82m▀[38;2;216;17;88m[48;2;215;6;82m▀[38;2;223;80;132m[48;2;214;4;79m▀[38;2;244;207;221m[48;2;220;52;112m▀[38;2;254;255;255m[48;2;245;205;220m▀[38;2;254;255;255m[48;2;255;255;255m▀[38;2;227;179;197m[48;2;250;254;253m▀[38;2;152;63;99m[48;2;224;132;167m▀[38;2;197;17;83m[48;2;216;7;82m▀[38;2;164;39;88m[48;2;212;9;82m▀[38;2;89;88;98m[48;2;139;55;91m▀[38;2;85;91;99m[48;2;84;91;99m▀[38;2;85;91;99m[48;2;85;91;99m▀[38;2;85;91;99m[48;2;85;91;99m▀[38;2;85;91;99m[48;2;85;91;99m▀[38;2;79;84;92m[48;2;83;88;96m▀[0m [0m [0m
[0m [38;2;84;90;97m[48;2;84;90;98m▀[38;2;85;91;99m[48;2;85;91;99m▀[38;2;85;91;99m[48;2;85;91;99m▀[38;2;85;91;99m[48;2;85;91;99m▀[38;2;84;92;99m[48;2;88;89;98m▀[38;2;115;71;95m[48;2;171;35;87m▀[38;2;205;13;83m[48;2;217;6;82m▀[38;2;216;6;82m[48;2;215;7;82m▀[38;2;215;6;81m[48;2;215;6;81m▀[38;2;216;18;89m[48;2;229;119;159m▀[38;2;238;178;200m[48;2;252;248;250m▀[38;2;250;255;255m[48;2;231;167;191m▀[38;2;222;168;189m[48;2;152;61;98m▀[38;2;218;35;99m[48;2;185;23;84m▀[38;2;215;6;81m[48;2;216;6;82m▀[38;2;215;7;82m[48;2;215;7;82m▀[38;2;215;7;82m[48;2;215;7;82m▀[38;2;217;6;82m[48;2;217;5;81m▀[38;2;179;29;86m[48;2;180;29;86m▀[38;2;185;24;84m[48;2;188;51;102m▀[38;2;217;4;80m[48;2;221;49;111m▀[38;2;215;6;81m[48;2;217;35;101m▀[38;2;215;7;82m[48;2;215;10;84m▀[38;2;215;7;82m[48;2;217;5;81m▀[38;2;215;3;79m[48;2;187;24;85m▀[38;2;203;83;128m[48;2;146;51;90m▀[38;2;240;239;240m[48;2;224;160;184m▀[38;2;254;255;255m[48;2;251;245;248m▀[38;2;245;211;224m[48;2;231;150;179m▀[38;2;218;40;105m[48;2;219;47;108m▀[38;2;216;4;80m[48;2;215;5;80m▀[38;2;199;17;84m[48;2;217;6;82m▀[38;2;108;76;95m[48;2;160;42;89m▀[38;2;84;92;99m[48;2;85;90;99m▀[38;2;85;91;99m[48;2;85;91;99m▀[38;2;85;91;99m[48;2;85;91;99m▀[38;2;85;90;98m[48;2;85;91;99m▀[38;2;78;84;91m[48;2;81;87;94m▀[0m [0m
[0m[38;2;82;88;95m▄[38;2;85;91;99m[48;2;85;91;99m▀[38;2;85;91;99m[48;2;85;91;99m▀[38;2;85;91;99m[48;2;85;91;99m▀[38;2;84;92;99m[48;2;83;92;99m▀[38;2;110;74;95m[48;2;144;52;91m▀[38;2;204;14;83m[48;2;216;6;82m▀[38;2;216;7;82m[48;2;215;7;82m▀[38;2;215;6;81m[48;2;214;4;80m▀[38;2;217;31;97m[48;2;224;86;136m▀[38;2;245;211;224m[48;2;252;250;252m▀[38;2;248;230;237m[48;2;236;163;189m▀[38;2;219;45;108m[48;2;215;12;85m▀[38;2;202;12;81m[48;2;216;6;82m▀[38;2;151;47;89m[48;2;199;17;84m▀[38;2;184;26;85m[48;2;144;51;90m▀[38;2;216;6;82m[48;2;185;25;85m▀[38;2;215;6;81m[48;2;216;11;84m▀[38;2;217;20;90m[48;2;231;119;159m▀[38;2;213;123;156m[48;2;201;136;162m▀[38;2;221;160;184m[48;2;192;42;98m▀[38;2;231;130;166m[48;2;216;8;82m▀[38;2;226;113;154m[48;2;217;10;83m▀[38;2;222;72;126m[48;2;188;43;97m▀[38;2;187;32;90m[48;2;144;59;95m▀[38;2;145;50;89m[48;2;198;17;84m▀[38;2;197;14;81m[48;2;216;4;80m▀[38;2;224;77;130m[48;2;219;47;109m▀[38;2;252;249;251m[48;2;249;234;240m▀[38;2;236;166;191m[48;2;238;175;198m▀[38;2;216;29;96m[48;2;216;17;88m▀[38;2;215;7;81m[48;2;216;7;82m▀[38;2;216;6;82m[48;2;215;7;82m▀[38;2;198;17;84m[48;2;214;7;82m▀[38;2;102;79;96m[48;2;134;58;92m▀[38;2;84;92;99m[48;2;83;92;99m▀[38;2;85;91;99m[48;2;85;91;99m▀[38;2;85;91;99m[48;2;85;91;99m▀[38;2;83;89;97m[48;2;84;90;98m▀[0m[38;2;76;81;88m▄[0m
[38;2;82;88;96m[48;2;83;89;97m▀[38;2;85;91;99m[48;2;85;91;99m▀[38;2;85;91;99m[48;2;85;91;99m▀[38;2;85;91;99m[48;2;84;91;99m▀[38;2;87;90;99m[48;2;93;85;98m▀[38;2;172;34;87m[48;2;188;24;85m▀[38;2;217;6;82m[48;2;217;6;82m▀[38;2;215;7;82m[48;2;215;7;82m▀[38;2;214;5;80m[48;2;214;5;80m▀[38;2;232;137;171m[48;2;234;139;173m▀[38;2;252;247;250m[48;2;249;232;239m▀[38;2;223;76;129m[48;2;218;45;107m▀[38;2;215;4;79m[48;2;215;5;80m▀[38;2;215;7;82m[48;2;215;7;82m▀[38;2;216;6;82m[48;2;215;7;82m▀[38;2;202;15;83m[48;2;217;6;82m▀[38;2;157;40;86m[48;2;201;15;83m▀[38;2;193;82;124m[48;2;192;143;164m▀[38;2;236;138;173m[48;2;209;84;130m▀[38;2;179;37;90m[48;2;179;26;84m▀[38;2;185;24;84m[48;2;187;25;85m▀[38;2;218;5;81m[48;2;189;23;85m▀[38;2;187;24;85m[48;2;143;51;90m▀[38;2;145;49;89m[48;2;198;17;84m▀[38;2;198;17;84m[48;2;216;6;82m▀[38;2;216;6;82m[48;2;215;7;82m▀[38;2;215;6;81m[48;2;215;6;80m▀[38;2;218;36;101m[48;2;218;37;101m▀[38;2;248;225;234m[48;2;248;225;235m▀[38;2;243;197;215m[48;2;241;190;210m▀[38;2;216;20;91m[48;2;216;19;90m▀[38;2;215;6;81m[48;2;215;6;82m▀[38;2;215;7;82m[48;2;215;7;82m▀[38;2;217;6;82m[48;2;217;6;82m▀[38;2;162;41;88m[48;2;178;30;86m▀[38;2;85;91;99m[48;2;88;88;98m▀[38;2;85;91;99m[48;2;85;91;99m▀[38;2;85;91;99m[48;2;85;91;99m▀[38;2;85;91;99m[48;2;85;91;99m▀[38;2;78;83;91m[48;2;80;86;93m▀[0m
[38;2;82;88;96m[48;2;82;88;95m▀[38;2;85;91;99m[48;2;85;91;99m▀[38;2;85;91;99m[48;2;85;91;99m▀[38;2;84;92;99m[48;2;84;91;99m▀[38;2;100;81;97m[48;2;94;85;97m▀[38;2;200;16;84m[48;2;169;36;87m▀[38;2;218;5;82m[48;2;185;25;85m▀[38;2;217;6;82m[48;2;184;26;85m▀[38;2;216;4;80m[48;2;183;24;84m▀[38;2;234;144;177m[48;2;217;151;176m▀[38;2;247;217;228m[48;2;235;207;218m▀[38;2;219;30;97m[48;2;186;40;94m▀[38;2;217;5;80m[48;2;184;25;85m▀[38;2;217;6;82m[48;2;184;26;85m▀[38;2;217;6;82m[48;2;184;26;85m▀[38;2;217;6;82m[48;2;184;26;85m▀[38;2;218;10;84m[48;2;183;27;85m▀[38;2;231;157;184m[48;2;219;158;182m▀[38;2;160;105;129m[48;2;178;136;156m▀[38;2;126;61;91m[48;2;84;87;96m▀[38;2;144;52;91m[48;2;86;90;99m▀[38;2;147;49;90m[48;2;143;53;91m▀[38;2;199;17;84m[48;2;184;26;85m▀[38;2;218;5;82m[48;2;182;28;86m▀[38;2;217;6;82m[48;2;182;28;86m▀[38;2;217;6;82m[48;2;182;28;86m▀[38;2;217;4;80m[48;2;182;25;84m▀[38;2;219;40;104m[48;2;211;103;143m▀[38;2;248;225;234m[48;2;237;222;229m▀[38;2;230;114;156m[48;2;187;69;113m▀[38;2;216;4;80m[48;2;181;25;84m▀[38;2;217;6;82m[48;2;182;28;86m▀[38;2;217;6;82m[48;2;182;28;86m▀[38;2;218;5;82m[48;2;183;27;86m▀[38;2;193;21;84m[48;2;157;43;89m▀[38;2;96;84;97m[48;2;91;87;98m▀[38;2;84;91;99m[48;2;85;91;99m▀[38;2;85;91;99m[48;2;85;91;99m▀[38;2;85;91;99m[48;2;85;91;99m▀[38;2;80;86;93m[48;2;80;86;94m▀[0m
[38;2;82;88;95m[48;2;82;88;95m▀[38;2;85;91;99m[48;2;85;91;99m▀[38;2;85;91;99m[48;2;85;91;99m▀[38;2;84;91;99m[48;2;84;92;99m▀[38;2;93;85;98m[48;2;97;83;97m▀[38;2;166;37;88m[48;2;195;19;84m▀[38;2;184;26;85m[48;2;218;5;82m▀[38;2;183;27;86m[48;2;217;6;82m▀[38;2;182;25;84m[48;2;216;3;79m▀[38;2;217;149;175m[48;2;232;126;164m▀[38;2;235;209;219m[48;2;250;233;239m▀[38;2;185;42;95m[48;2;222;51;112m▀[38;2;183;26;85m[48;2;217;4;80m▀[38;2;183;27;86m[48;2;217;6;82m▀[38;2;183;27;86m[48;2;217;6;82m▀[38;2;183;27;86m[48;2;217;6;82m▀[38;2;183;24;83m[48;2;218;4;81m▀[38;2;210;101;142m[48;2;192;40;96m▀[38;2;197;190;196m[48;2;206;179;191m▀[38;2;94;94;103m[48;2;179;149;164m▀[38;2;91;86;97m[48;2;162;46;91m▀[38;2;146;51;90m[48;2;149;44;87m▀[38;2;186;25;85m[48;2;188;21;83m▀[38;2;184;26;85m[48;2;217;3;79m▀[38;2;184;26;85m[48;2;216;5;81m▀[38;2;184;23;83m[48;2;221;43;107m▀[38;2;187;50;101m[48;2;239;165;192m▀[38;2;231;204;215m[48;2;237;167;193m▀[38;2;223;137;169m[48;2;216;24;93m▀[38;2;185;27;86m[48;2;216;5;81m▀[38;2;184;26;85m[48;2;217;6;82m▀[38;2;184;26;85m[48;2;217;6;82m▀[38;2;184;26;85m[48;2;217;6;82m▀[38;2;185;25;85m[48;2;218;5;82m▀[38;2;166;37;88m[48;2;192;21;85m▀[38;2;93;85;98m[48;2;95;84;97m▀[38;2;84;91;99m[48;2;84;91;99m▀[38;2;85;91;99m[48;2;85;91;99m▀[38;2;85;91;99m[48;2;85;91;99m▀[38;2;80;86;94m[48;2;80;86;93m▀[0m
[38;2;82;88;96m[48;2;80;86;93m▀[38;2;85;91;99m[48;2;85;91;99m▀[38;2;85;91;99m[48;2;85;91;99m▀[38;2;85;91;99m[48;2;85;91;99m▀[38;2;89;88;98m[48;2;85;91;99m▀[38;2;179;29;86m[48;2;161;41;88m▀[38;2;217;6;82m[48;2;217;6;82m▀[38;2;215;7;82m[48;2;215;7;82m▀[38;2;214;3;79m[48;2;215;4;80m▀[38;2;226;95;142m[48;2;220;54;114m▀[38;2;251;244;247m[48;2;249;234;240m▀[38;2;224;79;131m[48;2;233;141;174m▀[38;2;215;3;79m[48;2;215;15;87m▀[38;2;215;7;82m[48;2;215;6;82m▀[38;2;215;7;82m[48;2;216;6;82m▀[38;2;216;6;82m[48;2;186;25;85m▀[38;2;185;25;85m[48;2;143;51;90m▀[38;2;145;56;93m[48;2;198;17;83m▀[38;2;207;98;138m[48;2;218;20;91m▀[38;2;230;192;206m[48;2;205;105;142m▀[38;2;227;156;182m[48;2;220;189;202m▀[38;2;207;82;128m[48;2;241;194;211m▀[38;2;155;85;115m[48;2;230;193;208m▀[38;2;205;71;120m[48;2;214;188;199m▀[38;2;233;125;164m[48;2;215;162;183m▀[38;2;243;203;218m[48;2;225;78;130m▀[38;2;235;152;182m[48;2;215;14;86m▀[38;2;217;30;97m[48;2;215;5;81m▀[38;2;215;6;81m[48;2;215;7;82m▀[38;2;215;7;82m[48;2;215;7;82m▀[38;2;215;7;82m[48;2;215;7;82m▀[38;2;215;7;82m[48;2;215;7;82m▀[38;2;215;7;82m[48;2;215;7;82m▀[38;2;217;6;82m[48;2;217;6;82m▀[38;2;177;31;86m[48;2;158;43;89m▀[38;2;88;89;98m[48;2;84;91;99m▀[38;2;85;91;99m[48;2;85;91;99m▀[38;2;85;91;99m[48;2;85;91;99m▀[38;2;85;91;99m[48;2;85;91;99m▀[38;2;79;85;92m[48;2;75;80;87m▀[0m
[0m[38;2;76;82;89m▀[38;2;85;91;99m[48;2;84;90;98m▀[38;2;85;91;99m[48;2;85;91;99m▀[38;2;85;91;99m[48;2;85;91;99m▀[38;2;83;92;99m[48;2;84;92;99m▀[38;2;133;59;92m[48;2;99;81;96m▀[38;2;214;8;82m[48;2;195;19;84m▀[38;2;215;7;82m[48;2;216;6;82m▀[38;2;215;6;82m[48;2;215;7;82m▀[38;2;215;17;88m[48;2;215;4;80m▀[38;2;240;186;205m[48;2;228;103;148m▀[38;2;251;248;250m[48;2;253;254;255m▀[38;2;232;136;171m[48;2;243;200;216m▀[38;2;217;9;84m[48;2;186;43;96m▀[38;2;185;25;85m[48;2;143;50;89m▀[38;2;143;51;90m[48;2;198;18;84m▀[38;2;198;17;84m[48;2;216;6;82m▀[38;2;217;6;82m[48;2;215;7;82m▀[38;2;217;5;81m[48;2;217;6;82m▀[38;2;183;28;86m[48;2;181;27;86m▀[38;2;185;54;104m[48;2;182;26;85m▀[38;2;221;69;124m[48;2;217;4;80m▀[38;2;218;79;130m[48;2;215;6;81m▀[38;2;202;46;103m[48;2;216;6;81m▀[38;2;146;49;89m[48;2;198;17;84m▀[38;2;187;22;83m[48;2;145;50;89m▀[38;2;217;6;81m[48;2;187;24;85m▀[38;2;215;7;82m[48;2;217;6;82m▀[38;2;215;7;82m[48;2;215;7;82m▀[38;2;215;7;82m[48;2;215;7;82m▀[38;2;215;7;82m[48;2;215;7;82m▀[38;2;215;7;82m[48;2;215;7;82m▀[38;2;215;7;82m[48;2;216;6;82m▀[38;2;213;8;82m[48;2;197;18;84m▀[38;2;130;61;93m[48;2;102;79;96m▀[38;2;83;92;99m[48;2;84;92;99m▀[38;2;85;91;99m[48;2;85;91;99m▀[38;2;85;91;99m[48;2;85;91;99m▀[38;2;84;90;98m[48;2;82;87;95m▀[0m[38;2;69;74;81m▀[0m
[0m [38;2;81;86;94m[48;2;73;78;85m▀[38;2;85;91;99m[48;2;85;91;99m▀[38;2;85;91;99m[48;2;85;91;99m▀[38;2;85;91;99m[48;2;85;91;99m▀[38;2;84;91;99m[48;2;84;92;99m▀[38;2;151;47;90m[48;2;102;79;96m▀[38;2;216;6;82m[48;2;192;21;85m▀[38;2;215;7;82m[48;2;217;6;82m▀[38;2;215;6;81m[48;2;215;7;82m▀[38;2;216;27;95m[48;2;215;4;80m▀[38;2;244;197;214m[48;2;205;92;134m▀[38;2;246;243;245m[48;2;241;244;245m▀[38;2;166;96;125m[48;2;233;156;184m▀[38;2;197;15;81m[48;2;215;12;84m▀[38;2;216;6;82m[48;2;215;6;82m▀[38;2;215;7;82m[48;2;215;7;82m▀[38;2;215;7;82m[48;2;215;7;82m▀[38;2;217;6;82m[48;2;217;6;82m▀[38;2;181;28;86m[48;2;181;28;86m▀[38;2;182;27;86m[48;2;182;27;86m▀[38;2;217;6;82m[48;2;217;6;82m▀[38;2;215;7;82m[48;2;215;7;82m▀[38;2;215;7;82m[48;2;215;7;82m▀[38;2;216;6;82m[48;2;215;7;82m▀[38;2;198;17;84m[48;2;216;6;82m▀[38;2;145;50;89m[48;2;199;17;84m▀[38;2;187;24;85m[48;2;145;50;89m▀[38;2;217;6;82m[48;2;187;24;85m▀[38;2;215;7;82m[48;2;217;6;82m▀[38;2;215;7;82m[48;2;215;7;82m▀[38;2;215;7;82m[48;2;216;6;82m▀[38;2;216;6;82m[48;2;193;21;84m▀[38;2;152;47;89m[48;2;102;79;96m▀[38;2;85;91;99m[48;2;84;92;99m▀[38;2;85;91;99m[48;2;85;91;99m▀[38;2;85;91;99m[48;2;85;91;99m▀[38;2;85;91;99m[48;2;84;90;98m▀[38;2;77;82;89m[48;2;68;72;79m▀[0m [0m
[0m [0m [38;2;81;87;95m[48;2;71;76;83m▀[38;2;85;91;99m[48;2;84;90;98m▀[38;2;85;91;99m[48;2;85;91;99m▀[38;2;85;91;99m[48;2;85;91;99m▀[38;2;83;92;99m[48;2;85;91;99m▀[38;2;128;62;92m[48;2;87;89;98m▀[38;2;209;11;83m[48;2;153;46;89m▀[38;2;217;6;82m[48;2;184;26;85m▀[38;2;186;25;85m[48;2;144;51;89m▀[38;2;146;51;90m[48;2;199;16;83m▀[38;2;221;139;170m[48;2;217;20;91m▀[38;2;251;240;245m[48;2;236;160;188m▀[38;2;227;104;148m[48;2;247;224;233m▀[38;2;215;5;80m[48;2;224;82;133m▀[38;2;215;7;82m[48;2;215;9;83m▀[38;2;215;7;82m[48;2;215;6;82m▀[38;2;217;6;82m[48;2;217;6;82m▀[38;2;181;28;86m[48;2;181;28;86m▀[38;2;182;27;86m[48;2;182;27;86m▀[38;2;217;6;82m[48;2;217;6;82m▀[38;2;215;7;82m[48;2;215;7;82m▀[38;2;215;7;82m[48;2;215;7;82m▀[38;2;215;7;82m[48;2;215;7;82m▀[38;2;215;7;82m[48;2;215;7;82m▀[38;2;216;6;82m[48;2;215;7;82m▀[38;2;198;17;84m[48;2;216;6;82m▀[38;2;145;50;89m[48;2;199;17;84m▀[38;2;188;24;85m[48;2;145;50;89m▀[38;2;217;6;82m[48;2;185;25;85m▀[38;2;209;10;83m[48;2;153;46;89m▀[38;2;129;61;92m[48;2;87;89;98m▀[38;2;83;92;99m[48;2;85;91;99m▀[38;2;85;91;99m[48;2;85;91;99m▀[38;2;85;91;99m[48;2;85;91;99m▀[38;2;85;91;99m[48;2;84;90;98m▀[38;2;79;85;92m[48;2;67;71;78m▀[0m [0m [0m
[0m [0m [0m [0m[38;2;78;84;91m▀[38;2;85;91;99m[48;2;82;88;95m▀[38;2;85;91;99m[48;2;85;91;99m▀[38;2;85;91;99m[48;2;85;91;99m▀[38;2;84;91;99m[48;2;85;91;99m▀[38;2;89;88;98m[48;2;84;92;99m▀[38;2;114;71;94m[48;2;90;88;98m▀[38;2;195;20;84m[48;2;155;45;89m▀[38;2;217;6;82m[48;2;211;9;82m▀[38;2;215;5;81m[48;2;217;6;82m▀[38;2;216;25;93m[48;2;215;6;81m▀[38;2;235;151;181m[48;2;216;16;88m▀[38;2;248;227;235m[48;2;228;109;152m▀[38;2;227;106;150m[48;2;242;197;213m▀[38;2;215;9;82m[48;2;233;145;177m▀[38;2;217;4;80m[48;2;222;49;111m▀[38;2;182;28;86m[48;2;181;26;84m▀[38;2;182;27;86m[48;2;182;26;84m▀[38;2;217;6;82m[48;2;217;6;82m▀[38;2;215;7;82m[48;2;215;7;82m▀[38;2;215;7;82m[48;2;215;7;82m▀[38;2;215;7;82m[48;2;215;7;82m▀[38;2;215;7;82m[48;2;215;7;82m▀[38;2;215;7;82m[48;2;215;7;82m▀[38;2;215;7;82m[48;2;217;6;82m▀[38;2;217;6;82m[48;2;212;9;82m▀[38;2;195;19;84m[48;2;156;44;89m▀[38;2;116;70;94m[48;2;90;88;98m▀[38;2;89;88;98m[48;2;84;92;99m▀[38;2;84;91;99m[48;2;85;91;99m▀[38;2;85;91;99m[48;2;85;91;99m▀[38;2;85;91;99m[48;2;85;91;99m▀[38;2;85;91;99m[48;2;81;87;94m▀[0m[38;2;76;82;89m▀[0m [0m [0m [0m
[0m [0m [0m [0m [0m[38;2;67;72;78m▀[38;2;83;89;97m[48;2;69;74;80m▀[38;2;85;91;99m[48;2;83;89;97m▀[38;2;85;91;99m[48;2;85;91;99m▀[38;2;85;91;99m[48;2;85;91;99m▀[38;2;84;91;99m[48;2;85;91;99m▀[38;2;88;89;98m[48;2;85;91;99m▀[38;2;133;59;92m[48;2;84;92;99m▀[38;2;191;22;85m[48;2;97;82;97m▀[38;2;214;7;82m[48;2;141;53;91m▀[38;2;216;5;81m[48;2;191;22;85m▀[38;2;215;6;81m[48;2;213;8;82m▀[38;2;219;44;106m[48;2;217;4;80m▀[38;2;231;129;165m[48;2;217;5;81m▀[38;2;235;147;179m[48;2;219;23;93m▀[38;2;194;96;133m[48;2;191;62;110m▀[38;2;189;56;106m[48;2;189;57;107m▀[38;2;217;13;86m[48;2;219;14;87m▀[38;2;215;7;82m[48;2;217;5;82m▀[38;2;215;7;82m[48;2;217;6;82m▀[38;2;215;7;82m[48;2;213;8;82m▀[38;2;216;6;82m[48;2;193;20;85m▀[38;2;215;7;82m[48;2;145;51;90m▀[38;2;191;22;85m[48;2;98;82;97m▀[38;2;136;57;92m[48;2;84;92;99m▀[38;2;89;88;98m[48;2;85;91;99m▀[38;2;84;91;99m[48;2;85;91;99m▀[38;2;85;91;99m[48;2;85;91;99m▀[38;2;85;91;99m[48;2;85;91;99m▀[38;2;85;91;99m[48;2;83;89;97m▀[38;2;83;89;96m[48;2;67;72;78m▀[0m[38;2;65;69;75m▀[0m [0m [0m [0m [0m
[0m [0m [0m [0m [0m [0m [0m[38;2;68;73;79m▀[38;2;83;88;96m[48;2;63;68;73m▀[38;2;85;91;99m[48;2;81;86;94m▀[38;2;85;91;99m[48;2;85;91;99m▀[38;2;85;91;99m[48;2;85;91;99m▀[38;2;85;91;99m[48;2;85;91;99m▀[38;2;84;92;99m[48;2;85;91;99m▀[38;2;84;92;99m[48;2;85;91;99m▀[38;2;97;82;97m[48;2;84;92;99m▀[38;2;129;62;93m[48;2;83;92;99m▀[38;2;158;43;89m[48;2;84;91;99m▀[38;2;176;31;86m[48;2;88;89;98m▀[38;2;191;21;84m[48;2;94;84;97m▀[38;2;160;39;87m[48;2;91;87;98m▀[38;2;166;36;87m[48;2;94;85;98m▀[38;2;192;21;84m[48;2;95;84;97m▀[38;2;177;31;86m[48;2;88;89;98m▀[38;2;159;42;89m[48;2;84;91;99m▀[38;2;130;62;93m[48;2;83;92;99m▀[38;2;98;82;97m[48;2;84;92;99m▀[38;2;84;91;99m[48;2;85;91;99m▀[38;2;84;92;99m[48;2;85;91;99m▀[38;2;85;91;99m[48;2;85;91;99m▀[38;2;85;91;99m[48;2;85;91;99m▀[38;2;85;91;99m[48;2;85;91;99m▀[38;2;85;91;99m[48;2;81;86;94m▀[38;2;83;88;96m[48;2;63;67;73m▀[0m[38;2;67;72;78m▀[0m [0m [0m [0m [0m [0m [0m
[0m [0m [0m [0m [0m [0m [0m [0m [0m [0m[38;2;75;80;87m▀[38;2;83;89;97m[48;2;61;66;72m▀[38;2;85;91;99m[48;2;77;82;90m▀[38;2;85;91;99m[48;2;83;89;97m▀[38;2;85;91;99m[48;2;85;91;99m▀[38;2;85;91;99m[48;2;85;91;99m▀[38;2;85;91;99m[48;2;85;91;99m▀[38;2;85;91;99m[48;2;85;91;99m▀[38;2;85;91;99m[48;2;85;91;99m▀[38;2;84;91;99m[48;2;85;91;99m▀[38;2;85;91;99m[48;2;85;91;99m▀[38;2;84;91;99m[48;2;85;91;99m▀[38;2;84;91;99m[48;2;85;91;99m▀[38;2;85;91;99m[48;2;85;91;99m▀[38;2;85;91;99m[48;2;85;91;99m▀[38;2;85;91;99m[48;2;85;91;99m▀[38;2;85;91;99m[48;2;85;91;99m▀[38;2;85;91;99m[48;2;85;91;99m▀[38;2;85;91;99m[48;2;84;90;97m▀[38;2;85;91;99m[48;2;77;83;90m▀[38;2;84;89;97m[48;2;62;66;72m▀[0m[38;2;75;80;87m▀[0m [0m [0m [0m [0m [0m [0m [0m [0m [0m
[0m [0m [0m [0m [0m [0m [0m [0m [0m [0m [0m [0m [0m[38;2;59;63;68m▀[0m[38;2;73;78;85m▀[0m[38;2;80;85;93m▀[38;2;83;89;97m[48;2;59;63;69m▀[38;2;85;91;99m[48;2;68;73;79m▀[38;2;85;91;99m[48;2;74;80;87m▀[38;2;85;91;99m[48;2;77;82;89m▀[38;2;85;91;99m[48;2;77;83;90m▀[38;2;85;91;99m[48;2;77;83;90m▀[38;2;85;91;99m[48;2;77;82;89m▀[38;2;85;91;99m[48;2;75;80;87m▀[38;2;85;91;99m[48;2;69;74;80m▀[38;2;83;89;97m[48;2;60;64;69m▀[0m[38;2;80;86;93m▀[0m[38;2;73;78;85m▀[0m[38;2;59;64;69m▀[0m [0m [0m [0m [0m [0m [0m [0m [0m [0m [0m [0m [0m
